https://data.worldbank.org/indicator/SP.POP.GROW?view=chart
https://www.earthdata.nasa.gov/topics
https://climate.nasa.gov/vital-signs/carbon-dioxide/?intent=121
https://data.worldbank.org/indicator/SP.POP.TOTL?view=chart
 1997 363.24     
 1997 364.21     
 1997 364.65     
 1997 366.48     
 1997 366.77     
 1997 365.73     
 1997 364.46     
 1997 362.40     
 1997 360.44     
 1997 360.97     
 1997 362.65     
 1997 364.51   
 1998 365.39     
 1998 366.10     
 1998 367.36     
 1998 368.79     
 1998 369.56     
 1998 369.13     
 1998 367.98     
 1998 366.10     
 1998 364.16     
 1998 364.54     
 1998 365.67     
 1998 367.30     
 1999 368.35     
 1999 369.28     
 1999 369.84     
 1999 371.15     
 1999 371.12     
 1999 370.46     
 1999 369.61     
 1999 367.06     
 1999 364.95     
 1999 365.52     
 1999 366.88     
 1999 368.26     
 2000 369.45     
 2000 369.71     
 2000 370.75     
 2000 371.98     
 2000 371.74     
 2000 371.87     
 2000 370.02     
 2000 368.27     
 2000 367.15     
 2000 367.18     
 2000 368.53     
 2000 369.83     
 2001 370.76     
 2001 371.69     
 2001 372.63     
 2001 373.55     
 2001 374.03     
 2001 373.40     
 2001 371.68     
 2001 369.78     
 2001 368.34     
 2001 368.61     
 2001 369.94     
 2001 371.42     
 2002 372.70     
 2002 373.37     
 2002 374.30     
 2002 375.19     
 2002 375.93     
 2002 375.69     
 2002 374.16     
 2002 372.03     
 2002 370.92     
 2002 370.73     
 2002 372.43     
 2002 373.98     
 2003 375.07     
 2003 375.82     
 2003 376.64     
 2003 377.92     
 2003 378.78     
 2003 378.46     
 2003 376.88     
 2003 374.57     
 2003 373.34     
 2003 373.31     
 2003 374.84     
 2003 376.17     
 2004 377.17     
 2004 378.05     
 2004 379.06     
 2004 380.54     
 2004 380.80     
 2004 379.86     
 2004 377.65     
 2004 376.18     
 2004 374.43     
 2004 374.63     
 2004 376.33     
 2004 377.68     
 2005 378.63     
 2005 379.91     
 2005 380.95     
 2005 382.48     
 2005 382.64     
 2005 382.40     
 2005 380.93     
 2005 378.93     
 2005 376.89     
 2005 377.19     
 2005 378.54     
 2005 380.31     
 2006 381.58     
 2006 382.40     
 2006 382.86     
 2006 384.80     
 2006 385.22     
 2006 384.24     
 2006 382.65     
 2006 380.60     
 2006 379.04     
 2006 379.33     
 2006 380.35     
 2006 382.02     
 2007 383.10     
 2007 384.12     
 2007 384.81     
 2007 386.73     
 2007 386.78     
 2007 386.33     
 2007 384.73     
 2007 382.24     
 2007 381.20     
 2007 381.37     
 2007 382.70     
 2007 384.19     
 2008 385.78     
 2008 386.06     
 2008 386.28     
 2008 387.34     
 2008 388.78     
 2008 387.99     
 2008 386.61     
 2008 384.32     
 2008 383.41     
 2008 383.22     
 2008 384.41     
 2008 385.79     
 2009 387.17     
 2009 387.70     
 2009 389.04     
 2009 389.76     
 2009 390.36     
 2009 389.70     
 2009 388.24     
 2009 386.29     
 2009 384.95     
 2009 384.64     
 2009 386.23     
 2009 387.63     
 2010 388.91     
 2010 390.41     
 2010 391.37     
 2010 392.67     
 2010 393.21     
 2010 392.38     
 2010 390.41     
 2010 388.54     
 2010 387.03     
 2010 387.43     
 2010 388.87     
 2010 389.99     
 2011 391.50     
 2011 392.05     
 2011 392.80     
 2011 393.44     
 2011 394.41     
 2011 393.95     
 2011 392.72     
 2011 390.33     
 2011 389.28     
 2011 389.19     
 2011 390.48     
 2011 392.06     
 2012 393.31     
 2012 394.04     
 2012 394.59     
 2012 396.38     
 2012 396.93     
 2012 395.91     
 2012 394.56     
 2012 392.59     
 2012 391.32     
 2012 391.27     
 2012 393.20     
 2012 394.57     
 2013 395.78     
 2013 397.03     
 2013 397.66     
 2013 398.64     
 2013 400.02     
 2013 398.81     
 2013 397.51     
 2013 395.39     
 2013 393.72     
 2013 393.90     
 2013 395.36     
 2013 397.03     
 2014 398.04     
 2014 398.28     
 2014 399.91     
 2014 401.51     
 2014 401.97     
 2014 401.43     
 2014 399.26     
 2014 397.20     
 2014 395.54     
 2014 396.15     
 2014 397.40     
 2014 399.08     
 2015 400.18     
 2015 400.55     
 2015 401.73     
 2015 403.38     
 2015 404.16     
 2015 402.97     
 2015 401.46     
 2015 399.10     
 2015 397.83     
 2015 398.49     
 2015 400.34     
 2015 402.06     
 2016 402.67     
 2016 404.24     
 2016 405.06     
 2016 407.62     
 2016 407.90     
 2016 407.01     
 2016 404.58     
 2016 402.45     
 2016 401.23     
 2016 401.81     
 2016 403.72     
 2016 404.64     
 2017 406.37     
 2017 406.66     
 2017 407.55     
 2017 409.23     
 2017 409.92     
 2017 409.09     
 2017 407.34     
 2017 405.30     
 2017 403.56     
 2017 403.83     
 2017 405.35     
 2017 407.00     
 2018 408.15     
 2018 408.52     
 2018 409.58     
 2018 410.44     
 2018 411.44     
 2018 411.00     
 2018 408.94     
 2018 407.17     
 2018 405.71     
 2018 406.18     
 2018 408.22     
 2018 409.27     
 2019 411.03     
 2019 411.96     
 2019 412.18     
 2019 413.61     
 2019 414.90     
 2019 414.15     
 2019 411.96     
 2019 410.17     
 2019 408.76     
 2019 408.74     
 2019 410.47     
 2019 411.97     
 2020 413.59     
 2020 414.32     
 2020 414.72     
 2020 416.42     
 2020 417.28     
 2020 416.58     
 2020 414.59     
 2020 412.75     
 2020 411.50     
 2020 411.49     
 2020 413.10     
 2020 414.23     
 2021 415.49     
 2021 416.69     
 2021 417.61     
 2021 419.01     
 2021 419.09     
 2021 418.93     
 2021 416.90     
 2021 414.42     
 2021 413.26     
 2021 413.90     
 2021 414.97     
 2021 416.67     
 2022 418.12     
 2022 419.24     
 2022 418.76     
 2022 420.19     
 2022 420.97     
 2022 420.94     
 2022 418.85     
 2022 417.15     
 2022 415.91     
 2022 415.74     
 2022 417.47     
 2022 419.00     
 2023 419.47     
 2023 420.31     
 2023 420.99     
 2023 423.36     
 2023 424.00     
 2023 423.68     
 2023 421.83     
 2023 419.68     
 2023 418.50     
 2023 418.82     
 2023 420.46     
 2023 421.86     