  1997 1753.38 
  1997 1753.87 
  1997 1755.66 
  1997 1755.52 
  1997 1753.86 
  1997 1750.12 
  1997 1746.11 
  1997 1747.89 
  1997 1755.02 
  1997 1760.22 
  1997 1761.70 
  1997 1761.92 
  1998 1761.50 
  1998 1761.55 
  1998 1763.01 
  1998 1764.72 
  1998 1764.25 
  1998 1760.33 
  1998 1756.15 
  1998 1760.13 
  1998 1770.53 
  1998 1776.18 
  1998 1775.55 
  1998 1774.12 
  1999 1773.84 
  1999 1773.96 
  1999 1774.62 
  1999 1775.00 
  1999 1772.72 
  1999 1767.36 
  1999 1762.95 
  1999 1764.67 
  1999 1771.03 
  1999 1776.63 
  1999 1778.61 
  1999 1777.29 
  2000 1775.69 
  2000 1775.76 
  2000 1776.73 
  2000 1777.31 
  2000 1774.64 
  2000 1768.15 
  2000 1763.51 
  2000 1765.59 
  2000 1772.12 
  2000 1777.12 
  2000 1777.83 
  2000 1775.40 
  2001 1772.87 
  2001 1772.49 
  2001 1773.64 
  2001 1773.85 
  2001 1770.74 
  2001 1765.84 
  2001 1762.73 
  2001 1764.30 
  2001 1770.39 
  2001 1775.50 
  2001 1776.55 
  2001 1775.90 
  2002 1774.09 
  2002 1772.82 
  2002 1773.40 
  2002 1772.75 
  2002 1770.32 
  2002 1766.90 
  2002 1764.21 
  2002 1766.86 
  2002 1773.67 
  2002 1778.25 
  2002 1779.51 
  2002 1779.65 
  2003 1777.53 
  2003 1774.83 
  2003 1774.85 
  2003 1775.80 
  2003 1774.46 
  2003 1771.68 
  2003 1770.69 
  2003 1774.31 
  2003 1780.56 
  2003 1784.68 
  2003 1785.28 
  2003 1783.57 
  2004 1780.91 
  2004 1779.98 
  2004 1780.98 
  2004 1780.70 
  2004 1777.58 
  2004 1772.28 
  2004 1767.98 
  2004 1769.74 
  2004 1775.48 
  2004 1779.68 
  2004 1780.48 
  2004 1778.37 
  2005 1776.32 
  2005 1775.80 
  2005 1775.42 
  2005 1774.55 
  2005 1772.24 
  2005 1768.55 
  2005 1766.24 
  2005 1768.05 
  2005 1773.10 
  2005 1778.47 
  2005 1781.22 
  2005 1780.27 
  2006 1779.54 
  2006 1779.48 
  2006 1777.37 
  2006 1776.13 
  2006 1774.99 
  2006 1769.30 
  2006 1764.16 
  2006 1767.22 
  2006 1774.55 
  2006 1778.22 
  2006 1779.07 
  2006 1779.94 
  2007 1779.16 
  2007 1778.58 
  2007 1780.28 
  2007 1781.11 
  2007 1779.45 
  2007 1775.60 
  2007 1772.59 
  2007 1777.21 
  2007 1785.88 
  2007 1789.84 
  2007 1789.52 
  2007 1788.19 
  2008 1786.70 
  2008 1785.80 
  2008 1786.17 
  2008 1786.90 
  2008 1785.24 
  2008 1780.48 
  2008 1777.62 
  2008 1781.06 
  2008 1787.66 
  2008 1793.66 
  2008 1797.32 
  2008 1796.61 
  2009 1795.06 
  2009 1795.60 
  2009 1795.97 
  2009 1795.55 
  2009 1792.36 
  2009 1786.91 
  2009 1784.95 
  2009 1788.84 
  2009 1794.82 
  2009 1798.03 
  2009 1797.91 
  2009 1796.70 
  2010 1797.12 
  2010 1798.78 
  2010 1799.46 
  2010 1799.64 
  2010 1797.74 
  2010 1792.55 
  2010 1789.45 
  2010 1794.11 
  2010 1801.86 
  2010 1806.55 
  2010 1807.05 
  2010 1803.63 
  2011 1800.47 
  2011 1800.18 
  2011 1800.97 
  2011 1802.89 
  2011 1803.33 
  2011 1799.15 
  2011 1796.18 
  2011 1799.06 
  2011 1804.07 
  2011 1809.58 
  2011 1812.41 
  2011 1810.02 
  2012 1807.30 
  2012 1808.24 
  2012 1809.94 
  2012 1808.39 
  2012 1804.71 
  2012 1800.92 
  2012 1799.26 
  2012 1803.23 
  2012 1810.10 
  2012 1814.73 
  2012 1815.87 
  2012 1814.58 
  2013 1814.06 
  2013 1814.14 
  2013 1813.25 
  2013 1812.82 
  2013 1811.97 
  2013 1808.57 
  2013 1805.76 
  2013 1808.41 
  2013 1814.33 
  2013 1818.58 
  2013 1820.36 
  2013 1819.33 
  2014 1816.83 
  2014 1816.40 
  2014 1818.14 
  2014 1820.89 
  2014 1821.92 
  2014 1818.33 
  2014 1815.52 
  2014 1819.73 
  2014 1826.87 
  2014 1831.21 
  2014 1833.07 
  2014 1833.51 
  2015 1832.89 
  2015 1832.75 
  2015 1833.09 
  2015 1833.24 
  2015 1831.82 
  2015 1827.34 
  2015 1824.77 
  2015 1829.22 
  2015 1836.29 
  2015 1841.51 
  2015 1844.75 
  2015 1844.88 
  2016 1842.44 
  2016 1841.64 
  2016 1843.01 
  2016 1843.74 
  2016 1842.14 
  2016 1837.83 
  2016 1834.15 
  2016 1836.71 
  2016 1844.19 
  2016 1849.86 
  2016 1851.44 
  2016 1851.08 
  2017 1849.80 
  2017 1848.56 
  2017 1848.31 
  2017 1848.61 
  2017 1847.20 
  2017 1842.95 
  2017 1840.38 
  2017 1844.67 
  2017 1852.79 
  2017 1858.08 
  2017 1858.70 
  2017 1856.65 
  2018 1854.44 
  2018 1854.97 
  2018 1856.87 
  2018 1856.68 
  2018 1854.82 
  2018 1852.01 
  2018 1849.08 
  2018 1851.94 
  2018 1860.49 
  2018 1865.74 
  2018 1866.26 
  2018 1866.03 
  2019 1864.98 
  2019 1865.03 
  2019 1866.32 
  2019 1865.32 
  2019 1861.99 
  2019 1858.78 
  2019 1858.22 
  2019 1862.90 
  2019 1870.78 
  2019 1875.38 
  2019 1875.56 
  2019 1874.68 
  2020 1873.15 
  2020 1872.74 
  2020 1874.76 
  2020 1875.87 
  2020 1874.32 
  2020 1871.86 
  2020 1871.48 
  2020 1876.54 
  2020 1884.68 
  2020 1890.09 
  2020 1891.92 
  2020 1891.79 
  2021 1889.48 
  2021 1887.53 
  2021 1888.70 
  2021 1891.23 
  2021 1891.63 
  2021 1888.45 
  2021 1886.36 
  2021 1892.63 
  2021 1902.65 
  2021 1907.99 
  2021 1909.51 
  2021 1908.79 
  2022 1907.45 
  2022 1907.69 
  2022 1909.01 
  2022 1909.58 
  2022 1907.83 
  2022 1905.19 
  2022 1904.42 
  2022 1908.84 
  2022 1915.54 
  2022 1919.84 
  2022 1923.45 
  2022 1924.59 
  2023 1922.20 
  2023 1920.26 
  2023 1919.74 
  2023 1920.66 
  2023 1919.99 
  2023 1915.86 
  2023 1914.08 
  2023 1918.09 
  2023 1925.55 
  2023 1930.87 
  2023 1931.98 
  2023 1932.07 
  2024 1930.46 
  2024 1928.96 